2025-06-12 11:23:48.482074 - gardener-05.png: 'JPG'
2025-06-12 11:23:48.492192 - landscape-maintenance-44-jpg.png: 'JPG'
2025-06-12 11:23:48.500024 - Picture-1-1.png: 'JPG'
2025-06-12 11:23:48.534810 - Picture-1.png: 'JPG'
2025-06-12 11:23:48.564246 - Picture-11.png: 'JPG'
2025-06-12 11:23:48.589263 - Picture-12.png: 'JPG'
2025-06-12 11:23:48.615499 - Picture-121.png: 'JPG'
2025-06-12 11:23:48.633606 - Picture-122.png: 'JPG'
2025-06-12 11:23:48.644580 - Picture-123.png: 'JPG'
2025-06-12 11:23:48.668649 - Picture-124.png: 'JPG'
2025-06-12 11:23:48.691427 - Picture-125.png: 'JPG'
2025-06-12 11:23:48.728055 - Picture-126.png: 'JPG'
2025-06-12 11:23:48.754774 - Picture-127.png: 'JPG'
2025-06-12 11:23:48.778695 - Picture-128.png: 'JPG'
2025-06-12 11:23:48.794222 - Picture-129.png: 'JPG'
2025-06-12 11:23:48.826250 - Picture-13.png: 'JPG'
2025-06-12 11:23:48.851068 - Picture-130.png: 'JPG'
2025-06-12 11:23:48.880774 - Picture-131.png: 'JPG'
2025-06-12 11:23:48.893525 - Picture-132.png: 'JPG'
2025-06-12 11:23:48.921312 - Picture-133.png: 'JPG'
2025-06-12 11:23:48.950856 - Picture-134.png: 'JPG'
2025-06-12 11:23:48.971937 - Picture-136.png: 'JPG'
2025-06-12 11:23:48.990744 - Picture-137.png: 'JPG'
2025-06-12 11:23:49.007420 - Picture-138.png: 'JPG'
2025-06-12 11:23:49.038215 - Picture-14.png: 'JPG'
2025-06-12 11:23:49.065651 - Picture-15.png: 'JPG'
2025-06-12 11:23:49.083114 - Picture-16.png: 'JPG'
2025-06-12 11:23:49.117694 - Picture-17.png: 'JPG'
2025-06-12 11:23:49.145825 - Picture-19.png: 'JPG'
2025-06-12 11:23:49.174371 - Picture-2.png: 'JPG'
2025-06-12 11:23:49.199882 - Picture-3.png: 'JPG'
2025-06-12 11:23:49.237547 - Picture-4.png: 'JPG'
